156,305
156,304
156,303
156,302
156,301
156,300
156,299
156,298
156,297
156,296
156,295
156,294
156,293
156,292
156,291
156,1
18,3
18,1
14,6
14,3
14,1
13,3
13,1
2,3
2,2
2,1
0,0
213,34
213,33
213,32
213,31
213,30
213,29
213,28
213,27
213,26
213,25
213,24
213,23
213,22
213,21
213,20
213,19
213,18
213,17
213,16
213,15
213,14
213,13
213,12
213,11
213,10
213,9
213,8
213,7
213,6
213,5
213,4
213,3
213,2
213,0
0,276
0,275
0,272
0,271
0,12
0,323
0,10
0,8
0,473
0,383
0,268
0,418
0,382
0,267
0,417
0,381
0,266
0,368
0,380
0,265
0,430
0,416
0,264
0,415
0,454
0,263
0,429
0,378
0,262
